ascii.asc
ncols         851
nrows         251
xllcorner     -1.201
yllcorner     51.199
cellsize      0.002
NODATA_value  -9999
[rows 112 to 139 of 251, columns 189 to 251 of 851]
0.70727 0.7424628 0.7489235 0.6978908 0.5328193 0.3407937 0.1846357 0.09233274 0.09357391 0.1610051 0.2777956 0.4019263 0.484865 0.5207587 0.5399708 0.6178885 0.84288 1.126588 1.38146 1.494561 1.320727 1.052032 0.8489749 0.8751668 1.020205 1.164632 1.267803 1.33223 1.368586 1.379684 1.369837 1.324699 1.189678 0.8536242 0.704248 0.8139062 0.9893591 1.110988 1.185473 1.209989 1.158116 0.978965 0.7477881 0.5185416 0.3283452 0.2053158 0.1484993 0.1558948 0.2260584 0.3540889 0.527995 0.7471902 1.000153 1.247835 1.419102 1.549093 1.620632 1.538785 1.133849 0.6869546 0.3794228 0.2511413 0.2010058
0.7278067 0.7330098 0.7314118 0.6969297 0.4935123 0.29371 0.1566489 0.09992631 0.1064643 0.1703131 0.2843771 0.3998468 0.447208 0.4410046 0.4246281 0.5078658 0.8732561 1.324501 1.761839 2.053128 1.832092 1.482229 1.142171 0.9160037 0.9949974 1.089919 1.149692 1.181312 1.19961 1.200408 1.194948 1.184381 1.141456 0.7052161 0.7679555 0.9667546 1.194846 1.287009 1.331082 1.340543 1.297371 1.079737 0.830912 0.5951052 0.4006426 0.2833095 0.2272239 0.2288459 0.2884263 0.3998117 0.5366319 0.7169313 0.9469991 1.192739 1.314468 1.428774 1.53435 1.538112 1.012167 0.5137407 0.2368948 0.2010058 0.2654147
0.6199744 0.6104954 0.5785636 0.5065461 0.3433552 0.1900291 0.1062903 0.1265455 0.1258267 0.1825469 0.3088275 0.440907 0.4660776 0.4237449 0.4038903 0.568401 0.9582909 1.462792 1.948994 2.254096 2.185501 1.92749 1.620996 1.367673 1.262278 1.194959 1.127664 1.065346 1.021698 0.9919904 0.9461836 0.8576253 0.7060666 0.7676646 0.89552 1.101683 1.302946 1.397223 1.415768 1.382036 1.295915 1.12227 0.9175218 0.714426 0.5420983 0.4288896 0.3637941 0.3401572 0.3631287 0.4318039 0.5041922 0.6024272 0.7502879 0.9062004 0.998127 1.06466 1.091717 0.9893226 0.6123145 0.2819274 0.3568645 0.5096121 0.6506137
0.4728833 0.4486468 0.3914807 0.3079349 0.1852231 0.1120487 0.1768151 0.2186647 0.1675738 0.1933242 0.3455103 0.5483196 0.5381289 0.4296991 0.3799389 0.5949662 1.007872 1.53593 2.046709 2.391515 2.451455 2.324617 2.116687 1.883238 1.635854 1.390175 1.164083 0.9801559 0.8646233 0.8239005 0.7746983 0.706805 0.7356457 0.8439485 1.017833 1.234831 1.423612 1.5067 1.497144 1.423875 1.317622 1.205471 1.07441 0.9239287 0.7802421 0.680259 0.5998491 0.5257566 0.475648 0.4828047 0.4733999 0.463962 0.5298287 0.6007778 0.6387621 0.651596 0.6229109 0.5034692 0.3225376 0.473846 0.7619957 1.060169 1.289041
0.3795246 0.3437193 0.2627143 0.1827284 0.1172351 0.2413994 0.3870893 0.4506336 0.3297735 0.2049171 0.3561246 0.7276981 0.6308893 0.4183244 0.3548665 0.5639085 1.0025 1.551494 2.088781 2.487166 2.620487 2.599776 2.504043 2.329068 1.971612 1.572463 1.203693 0.9052824 0.725704 0.7272097 0.7074367 0.7157615 0.7717488 0.9173904 1.131916 1.378878 1.588672 1.666863 1.644287 1.55204 1.444781 1.427112 1.391378 1.298534 1.17584 1.102054 1.004437 0.851921 0.6597143 0.4982885 0.4967015 0.4941253 0.4494155 0.4361903 0.4207184 0.4028165 0.3822989 0.3589788 0.5943288 0.9678993 1.407409 1.819519 2.093131
0.4303732 0.3959529 0.2769258 0.1218876 0.2920946 0.5139167 0.7010623 0.7834709 0.5491564 0.3008212 0.2392771 0.8991486 0.6315991 0.325368 0.3329591 0.5163137 0.9813467 1.521803 2.050294 2.482632 2.615639 2.653141 2.652868 2.58024 2.135594 1.649719 1.205604 0.83857 0.602732 0.7079672 0.707453 0.726653 0.8005952 0.9829123 1.234068 1.523044 1.79336 1.895693 1.913994 1.858752 1.771476 1.894713 1.964412 1.927797 1.808296 1.77795 1.670467 1.454222 1.135938 0.792347 0.8469427 0.8816365 0.8596261 0.8193383 0.8375541 0.8506416 0.8438505 0.8548145 1.222611 1.688749 2.19275 2.672626 2.925675
0.7021023 0.7120275 0.6808847 0.6556923 0.7819397 0.9331992 1.02722 0.9920723 0.7439517 0.4430711 0.2401837 0.2712528 0.2945049 0.3215773 0.446154 0.6774042 1.053063 1.474166 1.872144 2.186938 2.339152 2.405348 2.411642 2.309779 1.973895 1.560081 1.162992 0.8398094 0.6519132 0.6755874 0.7022154 0.7523285 0.860334 1.056792 1.321239 1.625812 1.928792 2.161353 2.336266 2.45611 2.553242 2.720184 2.845807 2.882529 2.837182 2.77025 2.632359 2.412912 2.127987 1.846762 1.741171 1.662627 1.582928 1.534166 1.562976 1.636834 1.732842 1.872865 2.176204 2.551718 2.953652 3.332343 3.607935
1.07688 1.162336 1.251157 1.335922 1.405498 1.444496 1.418817 1.28401 1.017384 0.6995709 0.4444802 0.3513361 0.3907788 0.5083565 0.6998584 0.9411752 1.205939 1.458491 1.669981 1.827535 1.935015 1.987523 1.979885 1.881587 1.654258 1.361935 1.06996 0.830029 0.6876228 0.6822073 0.720673 0.7977595 0.9341997 1.147444 1.422005 1.741428 2.098205 2.487328 2.866538 3.202031 3.48169 3.710364 3.878867 3.977119 3.986851 3.887473 3.726784 3.54146 3.342339 3.124511 2.885078 2.65259 2.471597 2.388666 2.437277 2.590801 2.804341 3.029417 3.23262 3.440137 3.669464 3.912426 4.153923
1.400016 1.559461 1.77229 1.974405 1.998216 1.952955 1.851673 1.666528 1.396443 1.074137 0.7835791 0.6251918 0.675142 0.8445671 1.076495 1.309461 1.456559 1.534929 1.547367 1.52201 1.55323 1.56063 1.527912 1.44401 1.30684 1.133559 0.953835 0.7991077 0.6923517 0.7035798 0.7662279 0.8742815 1.039788 1.28171 1.574334 1.90899 2.313899 2.866118 3.446534 3.980314 4.412035 4.672529 4.851398 4.987688 5.045083 4.891103 4.705503 4.570745 4.484314 4.357242 3.996011 3.61221 3.325478 3.199012 3.272382 3.506315 3.83434 4.136051 4.208148 4.22664 4.27594 4.381632 4.560745
1.512911 1.714942 2.030455 2.385633 2.384279 2.343437 2.267822 2.10981 1.878898 1.570492 1.257438 1.04232 1.114307 1.305282 1.548369 1.773918 1.813648 1.760913 1.61772 1.408589 1.342917 1.270322 1.190079 1.10139 1.028412 0.9477534 0.8586317 0.7755649 0.7004084 0.7496851 0.8513499 1.001756 1.204257 1.495219 1.823194 2.179806 2.602365 3.303025 4.026358 4.686182 5.212611 5.42192 5.543101 5.661275 5.763592 5.512795 5.307745 5.227231 5.255001 5.274375 4.792632 4.312168 3.965658 3.810121 3.906088 4.189036 4.596026 4.993155 4.909736 4.780558 4.701861 4.702752 4.828459
1.290484 1.50066 1.804103 2.144191 2.352189 2.518992 2.628626 2.617934 2.457514 2.185222 1.896266 1.705276 1.722186 1.864718 2.052886 2.208474 2.239494 2.169871 2.015096 1.815188 1.669615 1.514868 1.360503 1.215218 1.086461 0.967957 0.8589824 0.7679735 0.7562273 0.8324478 0.9829882 1.198576 1.473491 1.813184 2.198648 2.633709 3.157196 3.847279 4.56568 5.200228 5.644229 5.794178 5.787215 5.734363 5.664901 5.486743 5.359 5.326657 5.350884 5.307178 4.97855 4.595172 4.30089 4.174523 4.258825 4.506902 4.837698 5.110952 5.107186 5.008854 4.921397 4.899967 4.982819
0.8764803 1.050476 1.302465 1.645319 2.070474 2.524221 2.915894 3.127479 3.065052 2.835688 2.575894 2.403857 2.393368 2.490436 2.619924 2.721737 2.759099 2.71483 2.590469 2.39947 2.162026 1.906724 1.665412 1.446758 1.243667 1.064637 0.9174227 0.8125457 0.8197033 0.9280146 1.13485 1.424708 1.777157 2.173385 2.618283 3.122636 3.701265 4.357354 5.014113 5.567206 5.892928 5.891835 5.680136 5.395656 5.150133 5.018303 4.983464 5.005069 5.027553 4.975817 4.785676 4.542823 4.344162 4.264558 4.343902 4.538421 4.774004 4.96138 5.024622 5.005923 4.965386 4.958943 5.030957
0.4579213 0.5664777 0.732428 1.046348 1.673951 2.417895 3.11985 3.599962 3.616096 3.422677 3.197963 3.055917 3.069238 3.161108 3.254603 3.310681 3.352778 3.325109 3.219159 3.023891 2.678113 2.311576 1.985708 1.702475 1.424751 1.184436 0.9952441 0.8618598 0.869037 1.010304 1.273069 1.635587 2.063664 2.50308 2.989831 3.535739 4.1306 4.734832 5.31356 5.785171 6.012362 5.812463 5.368889 4.84349 4.415874 4.346117 4.411263 4.489543 4.524249 4.491383 4.415975 4.302219 4.197862 4.164294 4.259543 4.419487 4.583519 4.716344 4.840146 4.903814 4.918705 4.932365 5.012535
0.2381163 0.266283 0.316021 0.5167325 1.300366 2.23699 3.169755 3.923851 3.968124 3.838874 3.697972 3.62812 3.734719 3.87698 3.96973 3.973156 3.997555 3.924083 3.771353 3.54809 3.060369 2.591788 2.20527 1.891144 1.555718 1.276809 1.065113 0.9157543 0.9006821 1.068458 1.370312 1.784455 2.277127 2.731995 3.239688 3.800437 4.3839 4.908387 5.391229 5.784757 5.972608 5.58849 4.990654 4.31032 3.709582 3.756289 3.897231 4.003489 4.040137 4.013828 4.034507 4.023885 3.998952 4.001431 4.137262 4.290264 4.414653 4.504185 4.69561 4.827399 4.884896 4.901065 4.991915
0.4060928 0.32396 0.3083541 0.5131497 1.151098 2.005442 2.887125 3.599927 3.893711 3.998512 4.065539 4.183692 4.405143 4.642589 4.801818 4.81843 4.703345 4.442819 4.083745 3.659263 3.133208 2.639454 2.227501 1.885794 1.568692 1.306194 1.109913 0.9754348 0.9675436 1.121791 1.418855 1.824217 2.301826 2.798141 3.32955 3.878162 4.399877 4.836209 5.18825 5.426556 5.462836 5.146115 4.647607 4.104815 3.67382 3.596907 3.64433 3.700015 3.72701 3.733784 3.775641 3.823451 3.87839 3.959418 4.101153 4.255816 4.397961 4.533528 4.712225 4.862604 4.95751 5.003943 5.042027
0.8643947 0.6517826 0.5289081 0.6410974 1.099978 1.779642 2.516812 3.167701 3.639541 3.984414 4.285069 4.612031 4.996663 5.374804 5.640089 5.671306 5.380818 4.857925 4.223218 3.578767 2.994424 2.50237 2.103923 1.779284 1.50407 1.286162 1.132351 1.04064 1.01827 1.170599 1.456319 1.827688 2.267051 2.773191 3.309768 3.830302 4.278099 4.596714 4.800198 4.890965 4.843327 4.633056 4.332591 4.029692 3.789402 3.651455 3.585435 3.559103 3.554736 3.564274 3.616078 3.700687 3.820549 3.966357 4.121788 4.285568 4.455954 4.629356 4.801695 4.958724 5.081545 5.144154 5.123182
1.489868 1.122534 0.848603 0.8097425 1.111013 1.624884 2.211789 2.787122 3.374759 3.901185 4.387913 4.889245 5.439663 5.974877 6.375279 6.454054 5.95758 5.146088 4.223919 3.360781 2.732493 2.265164 1.90885 1.630888 1.41068 1.247711 1.141368 1.070123 1.064813 1.267565 1.559655 1.881613 2.247344 2.736299 3.250345 3.724287 4.09397 4.274095 4.33023 4.299906 4.208334 4.109535 4.012283 3.964162 3.92714 3.758896 3.598423 3.497803 3.463871 3.462544 3.521554 3.623333 3.791475 3.991486 4.147453 4.312469 4.505089 4.708342 4.867803 5.025677 5.178039 5.267936 5.185685
2.139545 1.622842 1.20217 1.008713 1.211528 1.614866 2.088796 2.569062 3.228525 3.843442 4.420284 5.01414 5.681444 6.335616 6.856188 7.037529 6.319015 5.271807 4.125357 3.071165 2.449249 2.022433 1.718937 1.499933 1.342997 1.252853 1.254716 1.243071 1.248154 1.542278 1.842884 2.096429 2.335354 2.775897 3.212357 3.597659 3.886216 3.919087 3.857149 3.745467 3.621148 3.617967 3.656927 3.816864 3.992074 3.784865 3.572705 3.435936 3.389205 3.400756 3.478216 3.564301 3.752831 3.994726 4.118167 4.267375 4.46638 4.694118 4.817287 4.965631 5.146451 5.29565 5.158502
2.630017 2.059444 1.576711 1.337831 1.451573 1.803842 2.26755 2.767619 3.331436 3.877827 4.422609 5.021302 5.704336 6.372732 6.85736 6.916994 6.266428 5.211175 4.031655 2.980917 2.292129 1.861707 1.595246 1.433059 1.353838 1.42189 1.556894 1.709513 1.879894 2.143761 2.389988 2.585466 2.757639 2.994278 3.22896 3.429543 3.5548 3.534528 3.448786 3.347608 3.242721 3.261648 3.281454 3.489097 3.64403 3.579912 3.454083 3.374711 3.435611 3.506659 3.56704 3.60768 3.672318 3.848478 3.976883 4.114748 4.277796 4.449401 4.576724 4.715 4.87279 4.990001 4.943282
3.006263 2.394307 1.874167 1.614261 1.719435 2.095497 2.604687 3.120927 3.560609 3.952645 4.366121 4.879846 5.533473 6.189566 6.644537 6.662455 6.063869 5.049565 3.893163 2.866811 2.186116 1.781267 1.554732 1.445328 1.476779 1.650517 1.941186 2.292166 2.627091 2.8758 3.053472 3.178906 3.253515 3.272849 3.27554 3.284366 3.2846 3.240622 3.186287 3.211801 3.307266 3.34996 3.325669 3.306304 3.367287 3.381525 3.358492 3.446519 3.584182 3.70206 3.750912 3.752355 3.747808 3.770473 3.851666 3.957107 4.067225 4.177085 4.276503 4.38329 4.513644 4.628899 4.673316
3.258898 2.599312 2.044133 1.766902 1.927689 2.381044 2.971703 3.523041 3.810031 4.00501 4.232402 4.601951 5.229332 5.893832 6.374647 6.439338 5.86415 4.883162 3.7511 2.738559 2.140763 1.798063 1.602731 1.518326 1.580885 1.8279 2.260958 2.807588 3.312268 3.523207 3.622215 3.685222 3.682212 3.492747 3.290657 3.165509 3.129363 3.145511 3.326002 3.515449 3.663461 3.688358 3.622699 3.505569 3.32778 3.340119 3.424486 3.592485 3.804343 3.980507 4.015667 3.984182 3.937283 3.896651 3.859966 3.919786 3.974916 4.025644 4.072199 4.114771 4.220163 4.335544 4.453032
3.322626 2.653158 2.098154 1.802693 2.054471 2.575754 3.229574 3.846437 3.960405 3.989478 4.056136 4.259924 4.885697 5.554008 6.074858 6.255042 5.696233 4.789667 3.727475 2.723284 2.272246 1.98443 1.766144 1.599086 1.606146 1.861936 2.368278 3.050401 3.727249 3.842578 3.868098 3.895624 3.884749 3.515366 3.189876 3.036433 3.099588 3.348177 3.664201 3.963407 4.174934 4.167894 4.068779 3.949627 3.838311 3.467321 3.546163 3.758607 4.035351 4.288587 4.306706 4.268034 4.224189 4.199483 4.210841 4.286373 4.384233 4.470889 4.392025 4.28186 4.16819 4.203148 4.355794
3.085512 2.55541 2.13481 1.962264 2.176816 2.634982 3.189213 3.66458 3.835563 3.889262 3.963673 4.177924 4.659414 5.210243 5.649549 5.798236 5.462224 4.816297 4.02375 3.268725 2.7904 2.436858 2.124234 1.828249 1.599488 1.741946 2.179714 2.787244 3.349909 3.569765 3.626617 3.607265 3.491826 3.183149 2.918561 2.874773 3.217369 3.651296 4.089583 4.452806 4.657329 4.632503 4.460307 4.222766 3.949694 3.581608 3.668822 3.898594 4.185109 4.43292 4.531113 4.555151 4.561211 4.585541 4.649458 4.754283 4.862103 4.918273 4.844191 4.714523 4.597248 4.566146 4.622138
2.694046 2.347739 2.09628 2.038738 2.236452 2.610928 3.045665 3.417632 3.631932 3.755344 3.882967 4.106746 4.481329 4.90718 5.256382 5.412032 5.294015 4.955619 4.480402 3.966096 3.505953 3.079479 2.659707 2.234503 1.834778 1.599844 1.8537 2.312742 2.757716 3.009477 3.09753 3.068336 2.93663 2.727175 2.626283 2.94495 3.459424 4.035091 4.577016 4.990585 5.179401 5.087608 4.794655 4.410801 4.019927 3.684254 3.792402 4.041369 4.339231 4.602577 4.771723 4.869079 4.937433 5.019985 5.143385 5.291824 5.419244 5.47184 5.410837 5.27873 5.137108 5.038835 4.998726
2.265061 2.100999 2.00991 2.053254 2.264035 2.583291 2.92843 3.233681 3.475414 3.658459 3.828516 4.048598 4.355466 4.688274 4.96983 5.151316 5.226625 5.174465 4.996506 4.696887 4.271538 3.789408 3.287488 2.76354 2.219004 1.78206 1.600169 1.864174 2.188334 2.414234 2.512275 2.501901 2.417711 2.351619 2.625646 3.135111 3.783851 4.46909 5.096069 5.559686 5.736515 5.533767 5.082839 4.545973 4.067947 3.776447 3.933791 4.226319 4.557878 4.856915 5.087613 5.245955 5.363776 5.494545 5.683498 5.890633 6.055592 6.122517 6.061974 5.910452 5.724417 5.551476 5.41481
1.902423 1.90449 1.951534 2.081823 2.334432 2.636902 2.925957 3.180791 3.449894 3.673606 3.86064 4.060817 4.330131 4.60231 4.827429 5.012924 5.248115 5.4256 5.490265 5.376226 4.949892 4.414446 3.867693 3.303092 2.636715 2.059656 1.696659 1.600464 1.780174 1.945774 2.03347 2.051124 2.048022 2.268614 2.739745 3.392082 4.141708 4.896703 5.580449 6.094561 6.283292 5.926532 5.29754 4.612024 4.053445 3.859283 4.115435 4.486926 4.879243 5.226837 5.517338 5.719696 5.860194 6.01018 6.269621 6.544141 6.754561 6.839166 6.756887 6.559591 6.308496 6.0526 5.817662
1.714838 1.850836 2.008924 2.209931 2.53047 2.851744 3.119657 3.327812 3.63247 3.872238 4.04875 4.210402 4.468456 4.707747 4.884972 5.021694 5.360544 5.651682 5.842949 5.866385 5.364438 4.773641 4.213567 3.682421 2.924809 2.28302 1.850673 1.639982 1.600731 1.688143 1.748981 1.773315 1.818733 2.28372 2.928862 3.687232 4.489154 5.250086 5.925893 6.449869 6.684363 6.143211 5.380179 4.604466 3.962572 4.015338 4.371014 4.848093 5.329843 5.735632 6.088203 6.317451 6.456294 6.58528 6.91339 7.239665 7.481592 7.574527 7.441453 7.17267 6.838224 6.494127 6.16102
1.801582 1.994815 2.248307 2.550614 2.911014 3.269104 3.583226 3.842424 4.093527 4.288476 4.440913 4.598765 4.818851 5.043395 5.233187 5.399258 5.624753 5.80257 5.87046 5.751167 5.302848 4.724642 4.129361 3.540773 2.895008 2.346339 1.966467 1.768557 1.717919 1.670843 1.7163 1.838763 2.045472 2.55058 3.243309 4.022661 4.797636 5.485472 6.038894 6.395687 6.436689 5.970596 5.275114 4.567421 4.029326 4.22192 4.692581 5.30177 5.918777 6.434459 6.804712 7.032328 7.184173 7.352495 7.638656 7.943718 8.170576 8.22638 8.044129 7.692769 7.259484 6.81457 6.402383
