ascii.asc
ncols         851
nrows         251
xllcorner     -1.201
yllcorner     51.199
cellsize      0.002
NODATA_value  -9999
[rows 168 to 195 of 251, columns 756 to 818 of 851]
11.73546 10.76843 9.762947 8.699861 8.738817 9.449842 10.62319 11.88238 12.67988 13.21319 13.56412 13.76235 13.86954 13.8914 13.88202 13.90611 14.00718 14.17396 14.35755 14.48521 14.48248 14.36144 14.11371 13.63309 12.66186 11.60247 10.75375 10.3295 9.88567 9.292259 8.600395 7.929277 7.464516 7.170815 7.089239 7.111937 7.150307 7.143642 7.053047 6.849091 6.514763 6.124635 5.804326 5.746279 6.226411 7.364656 8.972246 10.74182 12.27041 13.05 13.39419 13.46487 13.25457 12.61237 11.73818 10.73915 9.673779 8.633776 7.84618 7.28657 7.04317 7.135654 7.337088
11.45781 10.28077 9.279083 8.77541 9.075317 9.856131 10.94387 12.06747 12.96129 13.62251 14.09151 14.4058 14.60617 14.72917 14.81004 14.86811 14.8998 14.91497 14.89088 14.77466 14.50973 14.10049 13.55933 12.89162 12.11588 11.40241 11.29493 11.17299 10.7863 10.17335 9.476657 8.865286 8.472937 8.409838 8.562545 8.840735 9.121293 9.303473 9.320335 9.124698 8.653912 7.884531 7.126919 6.711042 6.950316 8.019794 9.584133 11.23336 12.61199 13.47315 13.87773 13.93907 13.73159 13.28821 12.67739 11.94735 11.09774 10.06305 8.778025 7.496211 6.498317 6.016783 6.173438
11.26474 9.943952 8.891678 8.926085 9.459778 10.30435 11.3148 12.3339 13.2712 14.02929 14.6037 15.01788 15.28678 15.47617 15.61779 15.69862 15.65448 15.53923 15.35192 15.04798 14.56177 13.91972 13.17021 12.43464 11.9899 12.07043 12.34557 12.45603 12.02532 11.30285 10.52076 9.873516 9.501324 9.709584 10.17463 10.76325 11.308 11.68343 11.81186 11.65825 11.11255 9.906187 8.645376 7.76759 7.642316 8.685037 10.20938 11.70707 12.88849 13.68591 14.02778 13.99485 13.73514 13.4334 13.05295 12.59457 12.01163 11.06856 9.257397 7.238167 5.474637 4.399458 4.582333
11.09743 9.826309 8.967053 9.332472 10.04434 10.93605 11.88254 12.7899 13.72674 14.50437 15.11232 15.57411 15.85961 16.07663 16.25297 16.36341 16.24721 16.04617 15.76787 15.37381 14.76635 14.02698 13.21979 12.52175 12.62803 13.07596 13.60885 13.92302 13.33611 12.45722 11.54811 10.81407 10.4332 10.91407 11.71474 12.62757 13.41896 13.93933 14.11318 13.9762 13.4737 11.83961 10.22739 9.041576 8.549865 9.708302 11.18935 12.48769 13.373 13.9803 14.10131 13.83418 13.3723 13.09522 12.79695 12.46854 12.08531 11.38993 9.102042 6.612202 4.35887 2.761189 3.163047
10.86716 9.895214 9.49266 10.1061 10.92983 11.84527 12.76278 13.62024 14.41728 15.07869 15.59926 15.99766 16.27855 16.49213 16.6498 16.71996 16.62811 16.42752 16.13078 15.71681 15.15402 14.51597 13.91274 13.54532 13.73659 14.22362 14.71534 14.88016 14.3533 13.44381 12.44427 11.60314 11.14547 11.92047 13.05837 14.29579 15.31003 15.84925 15.87921 15.47013 14.62153 13.16138 11.76055 10.88749 10.73678 11.59219 12.76959 13.7941 14.40244 14.55757 14.25183 13.6421 12.94897 12.40099 11.91025 11.40656 10.79127 9.793992 7.889338 5.735291 3.812699 2.596035 2.700333
10.70881 10.19659 10.55962 11.26492 12.09978 12.98544 13.85321 14.62738 15.24511 15.71834 16.08028 16.36489 16.59684 16.7822 16.91106 16.96033 16.90356 16.74814 16.49846 16.14836 15.70189 15.23963 14.87424 14.74785 14.97562 15.40664 15.78815 15.82141 15.2657 14.3132 13.23748 12.3054 11.7911 12.73435 14.13378 15.66891 16.88282 17.34273 17.13524 16.43396 15.37834 14.11718 13.09509 12.78268 13.02889 13.72179 14.58731 15.31129 15.5849 15.19365 14.33014 13.25535 12.19588 11.30252 10.50944 9.719287 8.82833 7.707519 6.256338 4.72251 3.416755 2.6596 2.686279
10.83327 11.19354 11.9236 12.64698 13.41239 14.21926 15.01591 15.69877 16.10732 16.36356 16.54297 16.6951 16.86753 17.02087 17.12567 17.16718 17.15269 17.06211 16.89486 16.65179 16.33328 16.03952 15.86588 15.8929 16.14338 16.51886 16.82367 16.79336 16.14501 15.12138 13.97857 12.96752 12.37615 13.30565 14.84298 16.63614 18.08323 18.36807 17.91113 17.0063 15.87743 14.80954 14.13972 14.46799 15.05753 15.58033 16.13378 16.58246 16.57342 15.56452 14.09186 12.51892 11.06234 9.855355 8.78996 7.751129 6.668825 5.553196 4.573852 3.696658 3.035064 2.733624 2.828472
11.63495 12.36223 13.35137 13.99772 14.65682 15.36052 16.0707 16.68756 16.8757 16.94422 16.97408 17.0107 17.14709 17.28042 17.37053 17.4049 17.4317 17.3979 17.30931 17.17899 16.96558 16.80628 16.76797 16.88529 17.13442 17.45369 17.70734 17.69123 16.93148 15.87037 14.71093 13.64499 12.90589 13.572 15.04701 16.96296 18.70006 18.72885 18.15067 17.23705 16.18517 15.37781 15.28437 15.78516 16.50966 16.68321 16.86035 17.02539 16.87107 15.22789 13.27211 11.34136 9.59321 8.201431 6.975305 5.806941 4.652239 3.591305 3.09564 2.79408 2.68188 2.795152 2.999069
12.47089 13.30138 14.25594 15.00026 15.64933 16.25668 16.81036 17.23371 17.38541 17.40799 17.3944 17.40902 17.50597 17.62541 17.71965 17.77102 17.79384 17.7695 17.70586 17.62215 17.52714 17.48718 17.53957 17.69281 17.91587 18.14074 18.2532 18.0961 17.46503 16.54571 15.49877 14.48896 13.74004 13.65796 14.7048 16.25542 17.63121 18.02286 17.80077 17.22063 16.51581 16.01079 15.95338 16.24441 16.58284 16.54751 16.33676 15.96904 15.22006 13.62198 11.6973 9.768391 8.014961 6.547056 5.277031 4.133291 3.117034 2.356405 2.096628 2.141412 2.37647 2.732209 3.119017
13.25713 14.12834 15.05125 15.82755 16.45626 16.9687 17.37521 17.65554 17.78183 17.80942 17.8039 17.82943 17.93447 18.06736 18.17607 18.23503 18.24123 18.19756 18.12488 18.0631 18.05635 18.11105 18.22392 18.38623 18.57094 18.6977 18.67896 18.44352 17.95978 17.25512 16.4052 15.52367 14.76177 14.30765 14.33792 15.35063 16.37702 17.01235 17.19817 17.01669 16.6393 16.28508 16.11077 16.06871 15.9648 15.56299 14.90469 14.01462 12.84498 11.34562 9.654181 7.940859 6.351935 4.978083 3.798406 2.780556 1.955383 1.455109 1.443015 1.76017 2.244396 2.781646 3.294626
14.01481 14.93195 15.84652 16.61094 17.19045 17.60486 17.88515 18.06144 18.17623 18.22952 18.25116 18.29826 18.45163 18.62166 18.7487 18.80602 18.78478 18.70445 18.59931 18.53242 18.60099 18.7352 18.89162 19.05096 19.21244 19.26809 19.1487 18.86543 18.55128 18.08366 17.46129 16.75038 16.03653 15.39878 14.98557 14.95214 15.52523 16.25137 16.70094 16.77716 16.57 16.21445 15.83976 15.45118 14.93523 14.11312 13.01875 11.69117 10.22694 8.896026 7.518414 6.110505 4.777863 3.616236 2.626876 1.796426 1.15705 0.8479757 1.110844 1.676752 2.35316 3.018648 3.586891
14.7804 15.76729 16.6965 17.431 17.94053 18.25489 18.42765 18.52252 18.65277 18.75241 18.8182 18.88415 19.11095 19.31631 19.44802 19.4904 19.4317 19.31075 19.16627 19.06745 19.21418 19.41762 19.61222 19.7667 19.94061 19.96899 19.79432 19.45633 19.32838 19.062 18.63709 18.10137 17.49732 16.79852 16.16882 15.69643 15.50645 16.13953 16.57912 16.65023 16.39321 15.87403 15.22844 14.50416 13.65549 12.47373 11.07234 9.469486 7.787307 6.719678 5.646149 4.530993 3.469337 2.580794 1.852889 1.269489 0.8337916 0.6465129 1.194777 1.943616 2.726695 3.451385 3.998797
15.58773 16.67036 17.63409 18.33059 18.754 18.9696 19.06583 19.13847 19.27488 19.43962 19.60342 19.77131 19.99046 20.17039 20.26346 20.25821 20.16274 20.01603 19.8726 19.81442 19.94526 20.17343 20.42103 20.63469 20.79813 20.83855 20.73138 20.52283 20.36481 20.13607 19.81156 19.40216 18.90371 18.29568 17.6862 17.16773 16.8469 16.9119 16.90778 16.64898 16.1044 15.29664 14.32262 13.25308 12.0939 10.77865 9.348574 7.839788 6.384031 5.286449 4.301859 3.370779 2.554135 1.936167 1.515995 1.268463 1.186706 1.333441 1.879543 2.590065 3.320565 3.973676 4.473411
16.44516 17.6557 18.67971 19.3162 19.62782 19.73323 19.753 19.80548 19.98401 20.24247 20.52036 20.77896 20.99666 21.13152 21.15887 21.08228 20.92925 20.73899 20.57213 20.51004 20.62133 20.86202 21.15846 21.42639 21.58812 21.65163 21.6251 21.50866 21.30542 21.04581 20.76195 20.45783 20.09124 19.60978 19.1215 18.69899 18.31762 17.88015 17.32123 16.59567 15.66213 14.49318 13.17803 11.81148 10.45655 9.141533 7.853841 6.589632 5.393321 4.34535 3.410414 2.595653 1.971861 1.62174 1.524339 1.636237 1.917555 2.335826 2.860224 3.453034 4.058008 4.59512 4.990538
17.34626 18.69772 19.81003 20.33768 20.5104 20.50211 20.44406 20.46954 20.72656 21.09978 21.49242 21.82981 22.04426 22.12529 22.06957 21.89679 21.658 21.38424 21.13888 21.00813 21.07286 21.29984 21.62396 21.93387 22.05291 22.1086 22.14185 22.09567 21.81027 21.47813 21.19862 20.98652 20.76234 20.35912 19.98702 19.70593 19.34328 18.45104 17.3631 16.19556 14.9131 13.39931 11.79733 10.22281 8.779344 7.580422 6.534751 5.578894 4.665448 3.721474 2.846908 2.11839 1.637572 1.539931 1.740812 2.17307 2.76947 3.409994 3.868937 4.313542 4.783325 5.213578 5.47543
18.2753 19.68791 20.89303 21.24824 21.30432 21.22945 21.12893 21.1235 21.48796 21.96568 22.44823 22.84634 23.04286 23.06594 22.91935 22.62693 22.2736 21.86731 21.47902 21.20183 21.16068 21.30274 21.58615 21.909 21.90295 21.90135 21.9539 21.98105 21.55948 21.13719 20.83221 20.66844 20.5724 20.13608 19.80445 19.63417 19.40331 18.07522 16.59567 15.13678 13.66539 11.9121 10.16053 8.517916 7.088841 6.109543 5.349584 4.715136 4.114078 3.296311 2.520603 1.88676 1.504165 1.628514 2.04749 2.690605 3.49384 4.317252 4.636399 4.935116 5.296618 5.67368 5.808465
19.2165 20.39321 21.35617 21.78315 21.90526 21.8888 21.85985 21.95098 22.30516 22.79494 23.2949 23.68894 23.87657 23.85334 23.62967 23.22857 22.70591 22.11111 21.53117 21.06499 20.80245 20.72875 20.79601 20.89889 20.85976 20.80268 20.75718 20.64016 20.26896 19.84602 19.48813 19.22432 18.98874 18.60913 18.25597 17.93418 17.41059 16.20928 14.73588 13.19453 11.61647 9.927272 8.278433 6.792417 5.592336 4.802073 4.283363 3.895269 3.497276 2.948487 2.382492 1.929278 1.724539 1.910888 2.386098 3.054196 3.812767 4.501445 4.873013 5.139353 5.406625 5.672735 5.848539
20.17291 21.02905 21.74609 22.17915 22.38352 22.45627 22.50819 22.66154 23.00565 23.47549 23.95456 24.31521 24.45683 24.36978 24.06434 23.54319 22.82761 22.00343 21.18369 20.47251 19.94022 19.58959 19.38326 19.24948 19.10427 18.95613 18.79411 18.56248 18.19699 17.76637 17.33665 16.93697 16.55102 16.12838 15.69428 15.20592 14.51499 13.44055 12.10924 10.65469 9.156169 7.659295 6.249978 5.031108 4.121981 3.602684 3.362558 3.238125 3.075614 2.779202 2.425218 2.141869 2.063244 2.283023 2.741469 3.338459 3.965967 4.504039 4.850307 5.079388 5.274562 5.484608 5.723511
21.15505 21.69553 22.17577 22.56659 22.81513 22.93816 23.015 23.16088 23.47 23.89174 24.31943 24.61631 24.65744 24.47245 24.08085 23.44536 22.51761 21.43933 20.35858 19.38534 18.58145 17.95393 17.47834 17.11946 16.8418 16.59206 16.32547 16.00894 15.62995 15.18196 14.68004 14.14891 13.62205 13.12699 12.60972 12.00496 11.24866 10.30777 9.171233 7.894008 6.582258 5.362248 4.258158 3.336347 2.728317 2.548273 2.645952 2.828412 2.929101 2.848149 2.660085 2.49406 2.485714 2.73068 3.157295 3.658861 4.139839 4.52976 4.8002 4.96353 5.081627 5.249439 5.560692
22.1808 22.43392 22.66713 23.00619 23.25427 23.35801 23.36954 23.40703 23.62291 23.9378 24.26151 24.4564 24.31451 23.9859 23.5159 22.81149 21.65634 20.32852 19.0123 17.81264 16.78359 15.92548 15.22156 14.66628 14.28271 13.9531 13.6065 13.22683 12.85622 12.41022 11.85912 11.22035 10.56688 10.03719 9.477987 8.807831 8.034372 7.272794 6.36953 5.307536 4.212127 3.334345 2.561759 1.913466 1.553694 1.752324 2.216145 2.720156 3.090395 3.174289 3.100338 3.001095 3.016162 3.300629 3.709952 4.125773 4.470026 4.714726 4.903203 4.985533 5.004187 5.097819 5.493471
23.27456 23.29406 23.26005 23.55577 23.73687 23.73674 23.59267 23.40296 23.43402 23.51759 23.62015 23.65398 23.22236 22.70768 22.16143 21.46962 20.09533 18.59772 17.14205 15.80778 14.64605 13.64485 12.78886 12.08432 11.65674 11.28864 10.8991 10.47776 10.16534 9.760875 9.212503 8.52386 7.771007 7.283495 6.733656 6.049986 5.276347 4.760555 4.121111 3.298658 2.401832 1.91966 1.473909 1.058917 0.8384008 1.404771 2.162474 2.916015 3.52539 3.717552 3.744093 3.709728 3.722988 4.079234 4.481656 4.829167 5.06389 5.174326 5.309642 5.320013 5.236282 5.201466 5.689277
24.40383 24.34168 24.26284 24.28635 24.23146 24.03841 23.71672 23.314 22.93628 22.56223 22.19509 21.7833 21.17129 20.50015 19.78812 18.91981 17.65715 16.23916 14.81828 13.48726 12.30546 11.27566 10.39689 9.691732 9.208038 8.824491 8.463702 8.116017 7.827192 7.479763 7.010254 6.419562 5.780978 5.247375 4.702047 4.111517 3.538566 3.136184 2.727654 2.238425 1.740143 1.449085 1.238423 1.110234 1.201324 1.763022 2.529587 3.313788 3.967088 4.342947 4.553907 4.695787 4.86019 5.16924 5.505776 5.795174 5.99177 6.083179 6.119506 6.068834 5.984196 6.003966 6.346697
25.23108 25.14412 25.02114 24.7899 24.45805 24.0383 23.5219 22.86538 22.02028 21.09241 20.17248 19.2964 18.45575 17.63612 16.79447 15.8534 14.73689 13.49994 12.22423 10.99737 9.901697 8.937475 8.11059 7.4511 6.987279 6.639864 6.342986 6.083779 5.878834 5.638494 5.301945 4.863831 4.361102 3.848799 3.341661 2.864849 2.475595 2.240727 2.078976 1.915811 1.756028 1.659912 1.639873 1.733649 2.007488 2.514926 3.180424 3.895984 4.546577 5.043348 5.430814 5.764083 6.072248 6.359254 6.633322 6.883108 7.07689 7.171919 7.141052 7.04204 6.959391 6.986649 7.197003
25.3603 25.28685 25.1634 24.68224 24.08061 23.45479 22.78415 21.92997 20.61454 19.1472 17.71021 16.41507 15.38526 14.46529 13.55955 12.62582 11.69245 10.68398 9.606451 8.534466 7.602845 6.764836 6.026684 5.437171 5.057532 4.795843 4.583447 4.412653 4.339226 4.238992 4.053473 3.777862 3.419379 2.957066 2.50708 2.142218 1.915443 1.882173 1.968907 2.089957 2.201676 2.257232 2.369203 2.605787 2.976004 3.39019 3.91984 4.537268 5.163664 5.717452 6.232981 6.73249 7.177538 7.437557 7.656295 7.884745 8.103651 8.233755 8.136679 7.985681 7.89335 7.908344 8.003399
24.42303 24.3802 24.34169 23.60506 22.79624 22.02225 21.25792 20.34592 18.61952 16.76819 14.98145 13.37769 12.27779 11.32951 10.42455 9.541213 8.838957 8.086077 7.234619 6.327229 5.604328 4.908847 4.266153 3.749427 3.502088 3.365805 3.260729 3.16518 3.24121 3.262638 3.19305 3.047045 2.830843 2.412088 2.034755 1.784207 1.701 1.91159 2.19739 2.522325 2.835983 2.956176 3.1262 3.429864 3.85981 4.144018 4.545723 5.072519 5.667899 6.220735 6.797472 7.406147 7.98451 8.185266 8.362565 8.58266 8.83362 9.034962 8.850765 8.65394 8.554822 8.574122 8.566342
22.21317 22.08668 21.8654 21.24353 20.46331 19.61905 18.68543 17.5227 15.8627 14.03109 12.24463 10.66911 9.47768 8.517521 7.693385 6.988924 6.451383 5.938137 5.363637 4.722164 4.103474 3.489386 2.93808 2.544228 2.395921 2.401299 2.466603 2.538964 2.639109 2.675262 2.627567 2.507508 2.31585 2.024931 1.782316 1.700617 1.899214 2.209607 2.576565 2.961804 3.29823 3.493485 3.675327 3.927184 4.249448 4.541576 4.907254 5.367732 5.894454 6.43606 7.001554 7.574476 8.08407 8.381069 8.609442 8.828844 9.030068 9.142454 9.032172 8.87184 8.762534 8.728232 8.72194
19.12977 18.93135 18.6121 18.1008 17.42102 16.5829 15.56342 14.31482 12.8098 11.17468 9.565186 8.131895 6.988322 6.089615 5.381742 4.853176 4.514378 4.251586 3.956939 3.557723 3.028955 2.458078 1.962334 1.659988 1.632183 1.801574 2.053721 2.27534 2.378137 2.373134 2.290869 2.155896 1.982484 1.793077 1.700238 1.908129 2.238812 2.594754 2.975851 3.361955 3.687381 3.879274 4.017605 4.18078 4.405912 4.696114 5.052578 5.466726 5.927986 6.426812 6.935595 7.42588 7.864151 8.216854 8.499674 8.720901 8.868324 8.915781 8.847036 8.723906 8.611374 8.548647 8.548182
15.70126 15.45506 15.08474 14.69073 14.14233 13.37178 12.35668 11.1316 9.842245 8.468491 7.097628 5.8584 4.855299 4.079963 3.503456 3.12755 2.998391 2.976281 2.941374 2.767602 2.286261 1.72324 1.248127 0.9993114 1.101833 1.437741 1.872796 2.239169 2.308496 2.233914 2.100874 1.947912 1.798863 1.699852 1.836413 2.164827 2.581186 2.921143 3.274105 3.650032 3.975497 4.12405 4.199513 4.278854 4.425932 4.730338 5.09375 5.470548 5.862186 6.310803 6.746312 7.137916 7.495961 7.880795 8.206585 8.429839 8.53131 8.521084 8.468002 8.358204 8.230891 8.141591 8.143543
