ascii.asc
ncols         851
nrows         251
xllcorner     -1.201
yllcorner     51.199
cellsize      0.002
NODATA_value  -9999
[rows 196 to 223 of 251, columns 504 to 566 of 851]
16.47231 16.02289 15.4538 14.77296 13.90385 12.67688 11.28431 9.879359 8.663759 7.903977 8.57453 9.830839 11.41443 12.99375 14.00422 14.73887 15.24995 15.41036 14.34719 13.15496 12.13926 11.28378 9.932491 8.8592 9.200103 9.660799 9.523682 9.222546 8.948076 8.928603 10.25068 11.85681 13.54559 15.09647 16.27901 16.72345 16.83269 16.82994 16.85549 16.93772 17.09935 17.27671 17.42463 17.69297 17.96011 18.26354 18.59053 18.72995 18.78522 18.64227 18.0751 16.57401 14.65976 12.61728 10.78061 10.03161 10.2828 11.3032 12.84389 14.53601 15.62427 16.57334 17.47647
15.36804 15.01207 14.55461 13.97906 13.1991 12.11112 10.83886 9.559366 8.520351 8.069941 9.130862 10.72363 12.5362 14.19175 15.30255 15.95332 16.1884 15.89108 14.74843 13.33733 12.01034 10.85036 9.685796 8.88476 9.297146 9.76775 9.81348 9.598618 9.347284 9.348295 10.43428 11.92696 13.59315 15.17854 16.42372 17.10146 17.42318 17.57891 17.6641 17.69831 17.7285 17.75156 17.75243 17.78578 17.87286 18.06784 18.34053 18.58428 18.76944 18.7575 18.32272 17.19588 15.60052 13.77209 12.00982 10.76884 10.02295 10.50393 11.65528 13.06869 14.30993 15.49422 16.66541
14.10779 13.85257 13.56162 13.16444 12.56425 11.64837 10.53096 9.385121 8.454901 8.253352 9.654428 11.50541 13.45845 15.11782 16.13782 16.55011 16.41562 15.71652 14.41847 12.84364 11.31315 10.05781 9.218146 8.908068 9.55695 10.12193 10.29859 10.16719 9.91841 9.813359 10.61748 11.9339 13.51036 15.07898 16.36568 17.15436 17.61467 17.90531 18.07126 18.08732 18.05125 18.00147 17.89033 17.66378 17.51041 17.57486 17.80328 18.16808 18.53188 18.71897 18.53905 17.84794 16.70986 15.25669 13.64498 12.05864 10.72469 10.01299 10.60533 11.70305 13.00329 14.41516 15.86539
12.95432 12.79997 12.66193 12.45454 12.08664 11.31636 10.35526 9.367327 8.48337 8.764287 10.24327 12.22958 14.25111 15.87081 16.64518 16.72812 16.23886 15.23716 13.78512 12.10773 10.48826 9.278282 8.937659 9.449317 10.23619 10.87474 11.08094 10.96697 10.67824 10.32173 10.7424 11.86116 13.29563 14.80461 16.11239 16.86322 17.36746 17.77406 18.05445 18.04299 17.97149 17.92641 17.79989 17.29974 16.91183 16.9327 17.14725 17.67902 18.2572 18.68169 18.804 18.54258 17.88113 16.8571 15.47244 13.62527 11.83098 10.50929 10.00168 10.65855 11.91306 13.47425 15.15172
12.22522 12.11531 12.01579 11.90597 11.7849 11.02763 10.19083 9.433733 8.638623 9.203667 10.8697 12.90058 14.88406 16.42785 16.84242 16.59108 15.82697 14.65175 13.15309 11.5245 9.997035 8.964687 9.640066 10.39178 11.2542 11.94028 12.07597 11.93775 11.72574 11.57252 10.95904 11.77914 12.94246 14.26754 15.54879 16.10634 16.59941 17.10871 17.54789 17.47049 17.37746 17.39424 17.42303 16.68148 16.15604 16.3704 16.60792 17.34955 18.11384 18.73308 19.10791 19.20355 18.93976 18.30003 17.2136 15.12305 12.97242 11.20978 10.14349 9.988962 11.14813 12.76054 14.58027
12.8052 12.48884 12.17351 11.81347 11.31706 10.45314 9.560215 8.832971 9.131144 10.10929 11.70827 13.52539 15.19565 16.34839 16.6006 16.17073 15.26276 14.04838 12.68375 11.34767 10.27539 9.833885 10.49882 11.4306 12.34929 12.96305 13.03209 12.74551 12.32496 11.89617 11.37181 11.75914 12.4799 13.31154 14.11475 14.72656 15.3151 15.85111 16.24537 16.3022 16.25592 16.23195 16.20359 15.82646 15.98052 16.35547 16.77869 17.46556 18.22394 18.91422 19.4465 19.75215 19.70891 19.20326 18.07887 16.12609 13.89964 11.88882 10.47856 9.988962 10.80249 12.32451 14.14461
13.70153 13.11562 12.48916 11.84173 11.0634 10.01677 9.214461 8.958838 9.86419 11.1334 12.61687 14.12275 15.407 16.18236 16.21004 15.62762 14.64989 13.49539 12.37649 11.43036 10.83391 10.8231 11.54977 12.57722 13.54502 14.10653 14.00072 13.44724 12.73399 12.09815 11.74434 11.9065 12.24204 12.54448 12.81722 13.43238 14.05004 14.55503 14.92965 15.09541 15.15382 15.17254 15.46255 15.91944 16.3232 16.76083 17.24347 17.83627 18.49479 19.14535 19.72176 20.15021 20.25134 19.84579 18.76116 16.90805 14.67959 12.53947 10.92686 10.24961 10.81532 12.21853 13.99597
14.49137 13.60671 12.66553 11.82616 10.95966 9.677106 9.116155 9.651182 10.82372 12.22846 13.50571 14.65984 15.57516 16.03732 15.80378 15.07174 14.06059 13.00844 12.19388 11.64285 11.44282 11.72958 12.59408 13.71964 14.76794 15.34791 14.98893 14.1255 13.12239 12.32462 12.16925 12.47386 12.99343 13.48639 13.67931 13.15944 13.38048 13.71251 14.05363 14.34146 14.72548 15.55505 16.36456 16.75951 17.06593 17.42738 17.8588 18.30815 18.81594 19.3546 19.88846 20.40417 20.6367 20.36803 19.41246 17.61679 15.3933 13.18322 11.41813 10.56071 11.06857 12.44573 14.20661
14.74755 13.51498 12.32551 11.42943 10.78701 9.257946 9.507948 10.4434 11.79649 13.26139 14.23199 15.0238 15.60863 15.84754 15.36487 14.54089 13.56095 12.63229 12.158 11.96432 12.06821 12.53264 13.52188 14.68924 15.78673 16.47987 15.84658 14.78578 13.62666 12.69177 12.80524 13.31514 14.03302 14.81646 15.39793 14.58917 14.02814 13.65784 13.83743 14.2313 15.17196 16.33077 17.4755 17.66858 17.80984 18.07198 18.44821 18.74661 19.1171 19.53667 19.97304 20.56298 20.89452 20.76338 20.00103 18.24177 16.0768 13.89444 12.0632 11.02167 11.64629 13.05916 14.80753
13.46738 12.39668 11.23481 10.216 9.38561 9.453079 10.16868 11.27157 12.56363 13.78075 14.59047 15.09841 15.33755 15.26341 14.76767 14.041 13.25781 12.61966 12.36322 12.43017 12.78586 13.422 14.34185 15.33864 16.19428 16.62003 16.21578 15.3977 14.49803 13.8577 13.89727 14.33498 14.96647 15.60601 15.95543 15.52225 15.02124 14.71648 14.78082 15.13574 15.86345 16.79479 17.6506 17.99448 18.19496 18.42966 18.728 19.0254 19.37799 19.78533 20.23775 20.7433 21.03608 20.89759 20.14611 18.6311 16.70879 14.75508 13.14305 12.29476 12.80506 14.11003 15.77724
11.87771 11.03078 10.14562 9.500401 9.717436 10.27743 11.1521 12.22611 13.33787 14.27875 14.8504 15.06599 14.97984 14.65681 14.17853 13.6073 13.05304 12.67881 12.64494 12.93398 13.48295 14.21095 15.01208 15.77098 16.35168 16.60608 16.43699 15.98278 15.45278 15.09022 15.10511 15.39802 15.82075 16.21835 16.41243 16.27003 16.03551 15.89451 15.9465 16.17476 16.60707 17.16488 17.70096 18.07406 18.34986 18.607 18.89254 19.22598 19.60642 20.02106 20.45675 20.8812 21.10566 20.94171 20.2376 18.93019 17.28243 15.6306 14.3033 13.57466 14.15503 15.37787 16.95659
10.51708 10.0036 9.603477 10.00843 10.74088 11.48861 12.35649 13.30759 14.21252 14.89839 15.20398 15.12659 14.73255 14.17485 13.73304 13.30503 12.92861 12.74019 12.90093 13.37452 14.07765 14.8731 15.55019 16.09822 16.46345 16.62283 16.68501 16.58155 16.38847 16.2474 16.27649 16.4464 16.66889 16.85165 16.94178 17.01021 17.0377 17.07765 17.16203 17.24517 17.38736 17.58279 17.81764 18.16674 18.49063 18.7716 19.0599 19.44424 19.85695 20.25563 20.62768 20.97745 21.13417 20.95395 20.32203 19.15643 17.73918 16.37213 15.3204 14.77232 15.4218 16.60741 18.13264
9.755421 9.695947 10.1399 10.98147 12.0492 12.80072 13.59924 14.42768 15.1666 15.66236 15.74203 15.4298 14.78429 13.97664 13.5878 13.2295 12.92372 12.80221 13.08707 13.6735 14.48044 15.35841 15.93964 16.3773 16.64422 16.75769 17.06652 17.24422 17.29979 17.31524 17.37208 17.46444 17.55316 17.59191 17.58846 17.82687 18.04073 18.21563 18.34742 18.30438 18.23399 18.16049 18.12745 18.47355 18.81306 19.09034 19.35315 19.79067 20.21732 20.56847 20.82187 21.07761 21.12945 20.90024 20.33441 19.23592 18.00103 16.88214 16.1027 15.85495 16.44859 17.59232 19.08332
10.16343 10.41404 11.03318 11.94412 12.97794 13.85409 14.68403 15.46685 16.10893 16.47517 16.44627 16.03874 15.34196 14.5408 13.94256 13.4476 13.08078 12.95436 13.19751 13.76193 14.54791 15.39132 16.06789 16.60414 17.00747 17.32196 17.69366 17.98826 18.17763 18.28925 18.36275 18.41891 18.46527 18.50401 18.57372 18.78966 19.02452 19.21636 19.31948 19.27069 19.15271 19.03121 18.99121 19.18394 19.43929 19.69473 19.97986 20.3717 20.76151 21.06142 21.22449 21.26183 21.08888 20.67467 20.00463 19.04512 18.01236 17.09452 16.4535 16.20605 16.9926 18.1714 19.59963
11.08674 11.45737 12.08368 12.91178 13.83673 14.72977 15.5832 16.36311 16.97867 17.2977 17.21912 16.78233 16.08881 15.26991 14.47526 13.76659 13.23377 12.99033 13.12567 13.60957 14.34345 15.18068 15.97193 16.68481 17.30738 17.83523 18.28946 18.64835 18.90944 19.07454 19.15253 19.19415 19.24485 19.32866 19.45981 19.65431 19.86339 20.03954 20.13308 20.10876 20.02427 19.94947 19.94442 20.05662 20.23105 20.4421 20.71174 21.06491 21.41492 21.65388 21.69239 21.48465 21.03322 20.38437 19.59813 18.73314 17.88438 17.15377 16.65918 16.52369 17.32384 18.47238 19.816
12.27813 12.66643 13.1988 13.86086 14.61912 15.4395 16.26839 17.04531 17.67281 17.99665 17.87521 17.41703 16.73885 15.897 14.91614 13.96568 13.20994 12.7873 12.79062 13.18134 13.86452 14.71173 15.59986 16.49026 17.3429 18.07918 18.61312 19.01429 19.32841 19.53746 19.60155 19.62597 19.69649 19.84048 20.02963 20.20968 20.39196 20.56582 20.68405 20.69957 20.68545 20.70717 20.78078 20.88264 21.01223 21.17757 21.41162 21.74563 22.07245 22.25988 22.17385 21.71044 20.96729 20.07944 19.18764 18.4212 17.76017 17.20777 16.84401 16.81156 17.5563 18.62848 19.86338
13.59418 13.92492 14.30221 14.74369 15.27072 15.94863 16.67934 17.40121 18.03114 18.3849 18.16481 17.66018 17.01726 16.20556 15.03874 13.85377 12.87473 12.25807 12.14244 12.44405 13.07267 13.91884 14.85091 15.8722 16.93292 17.87909 18.44149 18.85914 19.23419 19.51674 19.53835 19.53271 19.62765 19.84584 20.11224 20.26733 20.42854 20.63013 20.81946 20.87736 20.95387 21.11929 21.34077 21.49582 21.6371 21.78333 21.97465 22.31367 22.62604 22.77575 22.60358 21.87858 20.86913 19.78183 18.81632 18.22455 17.7942 17.41645 17.12399 17.10635 17.79477 18.77818 19.8588
14.8984 15.12413 15.33143 15.53845 15.7738 16.23979 16.74948 17.28222 17.81069 18.18321 17.7638 17.19401 16.60912 15.93223 14.60338 13.27884 12.16416 11.38983 11.19131 11.39061 11.92693 12.72923 13.61553 14.67734 15.86906 17.01949 17.52443 17.94482 18.39408 18.80991 18.76377 18.74243 18.87121 19.16407 19.53594 19.64017 19.79135 20.04499 20.35627 20.44855 20.63972 20.99525 21.4547 21.73953 22.00031 22.21238 22.36842 22.7214 22.96134 23.02446 22.81511 21.84519 20.68997 19.5417 18.57673 18.29668 18.16294 17.99004 17.70667 17.43427 18.2452 19.11529 19.93459
15.95237 16.13134 16.23006 16.27642 16.29464 16.36134 16.44707 16.56484 16.69344 16.70299 16.31737 15.78323 15.18571 14.44413 13.33691 12.16824 11.13719 10.38383 10.04265 10.06153 10.40248 11.02019 11.82912 12.82266 13.92102 14.94574 15.60623 16.12247 16.58897 16.9621 17.0815 17.17357 17.35596 17.64423 17.96461 18.16273 18.36929 18.64183 18.95871 19.22577 19.60177 20.14844 20.81219 21.43701 22.02445 22.51167 22.8304 23.00896 22.96659 22.71119 22.21418 21.33499 20.35919 19.48475 18.89694 18.81911 18.97987 19.16619 19.24909 19.26156 19.57588 19.88661 20.20539
16.82908 16.92362 16.91312 16.81397 16.59535 16.21299 15.77642 15.37112 15.01183 14.65446 14.23017 13.73534 13.15575 12.45032 11.58984 10.67617 9.82807 9.147841 8.708573 8.539076 8.64822 9.040868 9.705697 10.56129 11.49822 12.389 13.11622 13.70844 14.1958 14.57394 14.83121 15.04622 15.2825 15.55508 15.83756 16.09412 16.35369 16.64941 16.99599 17.39889 17.9469 18.68825 19.59912 20.60533 21.61572 22.48729 23.01331 23.00342 22.6004 21.97242 21.23746 20.48314 19.80887 19.32673 19.16156 19.40231 19.93263 20.58126 21.14769 21.40462 21.19447 20.75352 20.38037
17.49475 17.43671 17.27011 17.01758 16.58812 15.72834 14.76711 13.86039 13.04963 12.36266 11.90293 11.45715 10.9222 10.29058 9.671379 9.016552 8.368414 7.785867 7.282773 6.952468 6.841046 6.998351 7.515347 8.216374 8.977087 9.72559 10.46247 11.09548 11.59872 11.99101 12.35389 12.66468 12.93663 13.18482 13.42439 13.71119 14.00241 14.31357 14.68669 15.17308 15.84324 16.74156 17.87241 19.23417 20.66879 21.97147 22.7872 22.55985 21.80005 20.84237 19.92785 19.3413 18.99191 18.89118 19.10625 19.67585 20.56858 21.67149 22.75055 23.30733 22.49534 21.23902 20.11977
17.89622 17.58247 17.15895 16.69186 16.11404 14.78581 13.43038 12.1895 11.07688 10.13116 9.713611 9.33407 8.850523 8.261687 7.856838 7.395389 6.898451 6.41706 5.877782 5.455557 5.191692 5.134591 5.54868 6.099874 6.680333 7.26132 7.987552 8.632452 9.136946 9.515636 9.958129 10.32047 10.59982 10.81007 10.97987 11.27795 11.5633 11.85708 12.22568 12.74111 13.47425 14.46053 15.71239 17.32539 19.05432 20.70409 21.90319 21.42996 20.4617 19.34863 18.33696 17.98624 17.91486 18.09663 18.5724 19.35165 20.45302 21.8155 23.25723 24.24315 22.74841 20.86729 19.2072
17.96187 17.29679 16.46456 15.54316 14.50866 13.15447 11.78145 10.51803 9.412247 8.536836 8.035679 7.662302 7.26558 6.816845 6.414453 5.971209 5.493491 5.020347 4.556658 4.185377 3.943985 3.880808 4.098194 4.453539 4.874374 5.36071 5.967895 6.570713 7.090767 7.515614 7.910955 8.235176 8.48877 8.684093 8.84775 9.048096 9.244854 9.465053 9.782947 10.28277 11.02912 12.05485 13.37432 14.98803 16.70067 18.2614 19.27885 19.18159 18.51115 17.65373 16.91255 16.61351 16.63417 16.9241 17.47773 18.28537 19.33473 20.53564 21.63955 22.0924 20.99019 19.31733 17.73572
17.7212 16.65763 15.36652 13.96961 12.57402 11.26432 10.05183 8.948215 7.987729 7.233779 6.742652 6.399954 6.084182 5.721419 5.287998 4.790505 4.272288 3.800783 3.43927 3.192707 3.052241 3.019045 3.103834 3.277718 3.53029 3.887369 4.38366 4.935181 5.456901 5.892257 6.216311 6.463383 6.665895 6.835618 6.971367 7.072827 7.157893 7.276713 7.512858 7.960464 8.665071 9.644571 10.9015 12.39799 13.95012 15.31855 16.22287 16.43433 16.16616 15.69092 15.25582 15.05818 15.11216 15.40034 15.89895 16.57125 17.38229 18.22692 18.87449 18.96605 18.1853 16.92981 15.66573
17.15676 15.74512 14.07013 12.29152 10.62525 9.464592 8.49382 7.601742 6.805973 6.165716 5.7275 5.435793 5.197441 4.902613 4.421197 3.85183 3.27964 2.807475 2.577641 2.491694 2.485204 2.508116 2.500121 2.51403 2.59215 2.789958 3.182859 3.675953 4.182314 4.610555 4.832239 4.980776 5.121679 5.265199 5.379061 5.393407 5.379409 5.402839 5.550271 5.934189 6.557153 7.41728 8.512943 9.836937 11.18518 12.35849 13.18924 13.60991 13.68242 13.55672 13.39143 13.3032 13.365 13.5959 13.97129 14.41689 14.92266 15.3941 15.66662 15.55736 15.0257 14.174 13.25857
16.16338 14.56135 12.75197 10.83474 8.991323 8.110202 7.352324 6.60024 5.897086 5.313049 4.911174 4.655379 4.47754 4.265059 3.735266 3.132411 2.545107 2.075341 2.00835 2.078708 2.199447 2.297319 2.214453 2.100761 2.019748 2.039473 2.327342 2.724801 3.168862 3.582098 3.667721 3.727078 3.819906 3.948567 4.075896 4.031991 3.973379 3.950021 4.031475 4.373189 4.902639 5.603944 6.474314 7.605124 8.732084 9.70389 10.4388 10.97996 11.28371 11.41098 11.44561 11.42979 11.47128 11.61336 11.84956 12.04535 12.27131 12.45077 12.47081 12.25704 11.96815 11.47671 10.88803
14.25382 12.97248 11.53872 10.03692 8.618954 7.642144 6.797187 5.991807 5.257373 4.655185 4.229308 3.95503 3.759508 3.523775 3.098281 2.59946 2.13464 1.820078 1.794937 1.927396 2.102956 2.209605 2.139254 1.977348 1.812455 1.732284 1.829532 2.029426 2.272184 2.496318 2.591304 2.662635 2.747051 2.847386 2.945261 2.981903 3.002521 3.039038 3.156322 3.448551 3.884595 4.443944 5.136195 5.988621 6.844919 7.593863 8.214707 8.752415 9.157213 9.412643 9.537541 9.561207 9.552228 9.56117 9.604208 9.642159 9.687527 9.699646 9.628895 9.481333 9.348308 9.156435 8.908024
12.00017 11.20322 10.39187 9.531483 8.603056 7.614754 6.608652 5.644811 4.789278 4.104338 3.624691 3.317692 3.107419 2.888932 2.571718 2.21266 1.90123 1.730497 1.767199 1.950084 2.176563 2.319067 2.262453 2.080811 1.865196 1.696651 1.633636 1.626039 1.639154 1.682127 1.787032 1.911137 2.020489 2.112729 2.220233 2.386273 2.557004 2.711594 2.899522 3.200196 3.574536 3.993661 4.481024 5.076534 5.650953 6.128449 6.553309 7.029117 7.453182 7.744051 7.882645 7.890113 7.802579 7.670752 7.546432 7.463039 7.39881 7.31805 7.21241 7.137496 7.186786 7.283938 7.360077
