ascii.asc
ncols         851
nrows         251
xllcorner     -1.201
yllcorner     51.199
cellsize      0.002
NODATA_value  -9999
[rows 56 to 83 of 251, columns 756 to 818 of 851]
5.824435 5.946641 5.967395 5.811845 5.509852 5.118921 4.709071 4.369762 4.187939 4.1371 4.199397 4.394026 4.74498 5.150571 5.496838 5.688839 5.672061 5.503751 5.274706 5.082886 5.00411 5.004085 5.025989 5.015747 4.935513 4.806008 4.657465 4.514341 4.390834 4.279079 4.165194 4.030152 3.847272 3.59134 3.271674 2.916299 2.580731 2.328887 2.113845 1.903031 1.701436 1.535375 1.423781 1.379119 1.397865 1.441753 1.520283 1.613528 1.678278 1.711181 1.731861 1.785562 1.780231 1.608788 1.328598 1.015148 0.7375336 0.5767437 0.6229146 0.7936802 1.000035 1.177923 1.287716
4.921616 5.033647 5.054239 4.842597 4.494606 4.081339 3.659262 3.291472 3.042316 2.904081 2.889255 3.067204 3.568923 4.197433 4.790553 5.188218 5.193999 4.999373 4.741015 4.512269 4.37251 4.291472 4.222944 4.130936 4.008602 3.839347 3.640358 3.457898 3.37031 3.300786 3.20422 3.06482 2.902409 2.796802 2.671099 2.510653 2.332336 2.139493 1.957847 1.791589 1.650963 1.557722 1.522233 1.552417 1.643073 1.769315 1.947656 2.164946 2.35919 2.422584 2.46996 2.537996 2.533598 2.272232 1.898107 1.510284 1.175743 0.9640422 0.9515407 1.060259 1.218182 1.377113 1.512914
4.057356 4.157743 4.20797 3.942585 3.58685 3.195713 2.796432 2.423888 2.14842 1.949514 1.854375 1.953704 2.582355 3.357695 4.12012 4.704049 4.671933 4.448841 4.170924 3.913433 3.743537 3.613116 3.482913 3.326191 3.173803 2.971133 2.729145 2.500952 2.471842 2.458495 2.405215 2.293642 2.155648 2.211455 2.249455 2.243427 2.198203 2.059899 1.918663 1.794838 1.700153 1.659891 1.674223 1.753185 1.897474 2.072132 2.319466 2.634983 2.957036 3.00635 3.064834 3.170205 3.232323 2.886249 2.463235 2.052021 1.692978 1.429974 1.379285 1.418612 1.500633 1.599927 1.704974
3.180671 3.192773 3.167679 2.989756 2.741487 2.457922 2.151576 1.840742 1.565602 1.349775 1.254322 1.391894 1.91564 2.622685 3.3271 3.836502 3.927246 3.789328 3.56159 3.332584 3.156353 3.01397 2.872709 2.70845 2.524453 2.304605 2.072013 1.887978 1.84464 1.859707 1.874554 1.865269 1.857692 1.941129 2.025239 2.074168 2.07647 2.013806 1.934466 1.864415 1.816595 1.804707 1.836345 1.922587 2.067873 2.261573 2.515026 2.811548 3.087478 3.218624 3.319186 3.415742 3.432252 3.207955 2.889243 2.561671 2.265399 2.031207 1.90448 1.838978 1.809843 1.805622 1.820181
2.346588 2.250778 2.172935 2.091494 2.001487 1.885184 1.723976 1.511023 1.265542 1.04346 0.9328941 1.041516 1.441414 2.013052 2.591446 3.013953 3.162683 3.10614 2.944232 2.762745 2.616497 2.501646 2.388075 2.242922 2.051705 1.827205 1.609859 1.457099 1.421056 1.475372 1.571786 1.673643 1.768865 1.867057 1.945863 1.994768 2.01145 1.996515 1.973711 1.958874 1.954757 1.960815 1.990641 2.060948 2.183913 2.361067 2.579237 2.814049 3.030569 3.18993 3.31757 3.414793 3.441265 3.344615 3.179651 2.995591 2.812106 2.628867 2.445467 2.269062 2.111829 1.979518 1.869629
1.630929 1.420387 1.298446 1.326376 1.422192 1.505248 1.519853 1.426517 1.212574 0.966269 0.7998533 0.8264816 1.113947 1.557495 2.013303 2.355165 2.509894 2.495941 2.378373 2.2365 2.137457 2.077745 2.021106 1.917621 1.729163 1.499736 1.288686 1.151131 1.132975 1.237527 1.418316 1.622924 1.797826 1.894321 1.940696 1.962281 1.972635 1.982491 2.004663 2.044419 2.087963 2.109499 2.133951 2.183963 2.278861 2.433463 2.604933 2.763504 2.909027 3.0613 3.197573 3.300467 3.359382 3.375315 3.363705 3.339129 3.292674 3.180666 2.949049 2.664195 2.38208 2.124897 1.891002
1.112454 0.7859623 0.6025013 0.7672478 1.058962 1.340456 1.534456 1.572082 1.36995 1.077291 0.8248794 0.7378259 0.9436122 1.290039 1.643409 1.909415 2.042091 2.03533 1.928545 1.795956 1.73967 1.743508 1.758559 1.716015 1.522087 1.28116 1.071047 0.9356537 0.9302094 1.083813 1.335149 1.625937 1.872062 1.937109 1.934495 1.91992 1.913848 1.933075 1.98665 2.080108 2.187517 2.230652 2.269011 2.321007 2.40193 2.563407 2.701277 2.778097 2.83001 2.96402 3.091374 3.182685 3.254889 3.354757 3.466451 3.58182 3.674645 3.659196 3.367229 2.983083 2.603679 2.256578 1.933303
0.8736613 0.4752703 0.2049625 0.5315956 0.9730669 1.391009 1.719112 1.885187 1.6717 1.34594 1.024764 0.8171707 0.9837996 1.250692 1.51065 1.700505 1.800175 1.783043 1.666092 1.503175 1.451398 1.501418 1.56625 1.59254 1.374863 1.130417 0.9406978 0.800452 0.800452 0.9806507 1.250737 1.57621 1.886202 1.887685 1.850012 1.819098 1.800261 1.814821 1.872958 2.001498 2.193757 2.27974 2.396253 2.521862 2.630335 2.855559 2.984699 2.988518 2.921179 3.037447 3.123805 3.164149 3.200847 3.340446 3.514486 3.704239 3.889552 3.989943 3.617735 3.179701 2.767993 2.3988 2.053076
0.9695632 0.681254 0.5569344 0.8044672 1.205993 1.61891 1.950223 2.108403 1.989242 1.733604 1.462472 1.28501 1.322806 1.460775 1.6155 1.734904 1.792902 1.769488 1.671797 1.537871 1.442109 1.371596 1.374283 1.355974 1.203941 1.015641 0.920204 0.8578594 0.8488491 0.946363 1.11754 1.33288 1.535865 1.606205 1.635201 1.648245 1.641675 1.624383 1.631772 1.716615 1.909382 2.16779 2.505133 2.860695 3.165273 3.413192 3.530593 3.523597 3.451154 3.427979 3.389217 3.336938 3.323589 3.415444 3.560418 3.708713 3.819102 3.822074 3.572671 3.236952 2.896596 2.584524 2.305288
1.296827 1.156738 1.146626 1.33016 1.636387 1.974485 2.258419 2.402672 2.347106 2.175911 1.985663 1.847943 1.799832 1.823185 1.881194 1.936564 1.960965 1.937541 1.862907 1.744245 1.595666 1.435076 1.283389 1.213091 1.135393 1.09088 1.063374 1.02313 0.9757105 0.9588922 0.9773204 1.029701 1.11735 1.238603 1.362068 1.450202 1.467329 1.398117 1.31216 1.307155 1.490116 1.939287 2.563511 3.226313 3.775014 4.079573 4.200516 4.207832 4.138438 4.007643 3.839634 3.675218 3.580883 3.619477 3.706795 3.76166 3.744128 3.653624 3.510136 3.317909 3.095685 2.885095 2.73014
1.726497 1.719146 1.793107 1.920482 2.124616 2.370867 2.597748 2.730609 2.697722 2.586938 2.473417 2.384825 2.280469 2.22066 2.208592 2.219145 2.221893 2.204161 2.155137 2.054417 1.859347 1.637696 1.438659 1.312802 1.278338 1.28716 1.301091 1.27564 1.170766 1.035785 0.8964648 0.7759764 0.7355297 0.9060211 1.124481 1.292827 1.341406 1.199482 0.9935658 0.8591292 0.9801375 1.619252 2.527007 3.503382 4.322075 4.654798 4.782565 4.84231 4.833736 4.653784 4.408268 4.162471 3.995896 4.034224 4.093598 4.06053 3.907516 3.711779 3.675014 3.623683 3.507384 3.379295 3.366209
2.141741 2.231247 2.372643 2.435569 2.547462 2.705654 2.873905 2.997338 2.94733 2.866654 2.81273 2.790093 2.645816 2.546012 2.504731 2.499241 2.492424 2.481669 2.456616 2.389229 2.154654 1.897846 1.668303 1.507042 1.509854 1.557636 1.601601 1.592337 1.42767 1.202763 0.9485771 0.6904399 0.5038107 0.7319436 1.004279 1.216025 1.298047 1.075112 0.7728902 0.5170548 0.4950991 1.286841 2.350627 3.516253 4.586305 4.864954 5.026934 5.209119 5.376378 5.240871 5.045586 4.831099 4.648589 4.783763 4.867918 4.791269 4.538292 4.211309 4.302773 4.353116 4.28983 4.168218 4.26771
2.454735 2.570496 2.691511 2.755796 2.81994 2.900569 2.983122 3.032181 2.996258 2.936832 2.891673 2.858382 2.780831 2.724965 2.706188 2.709196 2.709151 2.69801 2.663167 2.575417 2.383978 2.162368 1.965315 1.838644 1.827692 1.869097 1.903502 1.868991 1.703528 1.459064 1.184472 0.9292997 0.7777975 0.8740923 1.046493 1.180973 1.191907 0.9985062 0.7306436 0.5288629 0.5812091 1.155099 2.013516 2.981033 3.863634 4.35848 4.73402 5.102491 5.439066 5.617016 5.719416 5.781339 5.84601 6.012209 6.10963 6.056293 5.862374 5.642389 5.624773 5.628125 5.578885 5.503437 5.506804
2.657305 2.776915 2.879356 2.932394 2.95759 2.97063 2.971641 2.953047 2.910322 2.856123 2.807279 2.776303 2.767997 2.784594 2.818168 2.851271 2.863953 2.851566 2.807207 2.716641 2.569309 2.401387 2.253961 2.162586 2.147399 2.177469 2.201992 2.159004 1.996756 1.761859 1.512533 1.299479 1.16963 1.153298 1.194521 1.222787 1.171255 1.001849 0.7972252 0.6670296 0.7238081 1.050354 1.577407 2.214194 2.876115 3.499238 4.104856 4.711752 5.311843 5.877816 6.394495 6.844172 7.215042 7.500057 7.654127 7.661751 7.554708 7.407763 7.303702 7.221007 7.131442 7.022597 6.887657
2.758253 2.880942 2.97593 3.012362 3.003876 2.962826 2.896887 2.820631 2.770118 2.716195 2.659061 2.628706 2.688387 2.780235 2.872241 2.942336 2.967264 2.954969 2.907871 2.825295 2.715871 2.596182 2.49167 2.425531 2.408967 2.43153 2.457817 2.426935 2.258375 2.03402 1.81932 1.653571 1.54195 1.433601 1.35829 1.295435 1.20119 1.037197 0.880743 0.802789 0.8360035 0.9350923 1.138717 1.441292 1.87677 2.591872 3.40251 4.241956 5.117971 6.087282 7.042982 7.904685 8.598584 9.035467 9.265215 9.336757 9.301531 9.19763 9.009763 8.829596 8.67565 8.50716 8.223714
2.762923 2.896185 2.999693 3.026639 3.000349 2.92948 2.822325 2.701 2.660221 2.612081 2.548255 2.501625 2.625158 2.770345 2.90146 2.999672 3.028458 3.017003 2.972543 2.900165 2.821194 2.735722 2.65771 2.599948 2.569612 2.575888 2.602053 2.598392 2.406416 2.188822 2.003819 1.877778 1.795763 1.605116 1.442183 1.314163 1.197899 1.022042 0.8953251 0.8586202 0.8979592 0.8268925 0.8089612 0.8696409 1.088019 1.911662 2.87242 3.881475 4.962559 6.296474 7.637629 8.864161 9.85834 10.41656 10.70417 10.81149 10.81114 10.73311 10.43755 10.15608 9.936064 9.733121 9.322008
2.67376 2.824801 2.941196 2.989322 2.975944 2.912788 2.816311 2.716064 2.660404 2.616796 2.579319 2.576214 2.670942 2.798435 2.919618 3.009218 3.044667 3.039983 3.005775 2.950196 2.884984 2.81485 2.744195 2.672979 2.604717 2.567885 2.549225 2.500466 2.349099 2.167923 2.005075 1.875982 1.754884 1.570001 1.377987 1.199567 1.033992 0.8783981 0.7812592 0.7537428 0.7592084 0.7099113 0.6846294 0.7530401 1.036513 1.74884 2.693239 3.787522 5.054352 6.562815 8.138102 9.596435 10.75045 11.43701 11.76319 11.85578 11.80437 11.63304 11.30202 10.94941 10.6412 10.34963 9.965712
2.510269 2.694202 2.844703 2.927934 2.945886 2.912188 2.846459 2.775001 2.724885 2.693851 2.68271 2.701717 2.761805 2.84678 2.934172 3.001141 3.028702 3.024808 2.998535 2.954795 2.894711 2.828518 2.755306 2.658377 2.524445 2.43658 2.374021 2.296335 2.169859 2.020385 1.874617 1.740294 1.599534 1.419151 1.216113 1.003041 0.7944909 0.6551552 0.5945528 0.5985913 0.6354307 0.6726739 0.7433875 0.9083542 1.259905 1.895363 2.761898 3.832407 5.145721 6.74735 8.46706 10.08135 11.34364 12.04966 12.33304 12.3591 12.23131 11.97524 11.57541 11.14615 10.7653 10.4366 10.11641
2.288956 2.522818 2.728177 2.855403 2.913292 2.917299 2.886651 2.843375 2.806709 2.789014 2.796295 2.824117 2.844666 2.881151 2.929408 2.970175 2.978206 2.966309 2.942878 2.906559 2.841066 2.771631 2.698125 2.583252 2.349273 2.233638 2.152074 2.065331 1.955912 1.830469 1.699584 1.566248 1.421197 1.241132 1.033746 0.7981967 0.5322028 0.4161002 0.4053968 0.4675624 0.5798056 0.7371552 0.9416651 1.223576 1.631664 2.209508 2.96336 3.91095 5.128817 6.747694 8.530136 10.23548 11.57039 12.16056 12.31059 12.23415 12.03699 11.72948 11.23693 10.72689 10.29441 9.963364 9.720373
2.020437 2.31863 2.597047 2.772812 2.875392 2.918906 2.920601 2.899935 2.871203 2.856337 2.86745 2.899091 2.873062 2.865914 2.880363 2.89965 2.881631 2.855666 2.829629 2.798851 2.715716 2.636597 2.567447 2.473854 2.102949 2.036958 1.969602 1.89037 1.798756 1.694294 1.576578 1.445266 1.300092 1.108543 0.8968033 0.6627566 0.3127966 0.2331319 0.2733548 0.401536 0.6018899 0.8913867 1.236196 1.634588 2.09407 2.619433 3.244983 4.007726 4.995046 6.535807 8.230952 9.887663 11.25128 11.59025 11.57406 11.39923 11.1534 10.84581 10.25647 9.692198 9.239088 8.921833 8.743799
1.717177 2.082928 2.4252 2.673421 2.83102 2.913908 2.941025 2.931201 2.900854 2.868853 2.847474 2.834427 2.802462 2.778939 2.767509 2.757679 2.729731 2.692595 2.653456 2.603723 2.521924 2.431575 2.330862 2.178073 2.097267 2.091523 2.077018 2.034858 1.961122 1.866301 1.756442 1.623181 1.442811 1.188486 0.8982127 0.6162641 0.3690801 0.1898752 0.2316467 0.4148342 0.707931 1.106849 1.576826 2.082788 2.587494 3.070784 3.587078 4.210592 5.03901 6.205219 7.510562 8.767426 9.737944 10.08202 10.06427 9.851625 9.533239 9.136247 8.611376 8.101559 7.683457 7.394319 7.239896
1.412865 1.862746 2.280524 2.592392 2.796331 2.91054 2.955571 2.949896 2.909273 2.849644 2.785194 2.728432 2.688247 2.656707 2.627029 2.597959 2.563566 2.519186 2.475647 2.425438 2.355734 2.27843 2.241004 2.235688 2.234489 2.255734 2.27106 2.2545 2.185342 2.090286 1.985242 1.854806 1.647881 1.307775 0.9077485 0.5238453 0.2158555 0.1033557 0.2197532 0.4560645 0.8176346 1.308539 1.890745 2.502344 3.056307 3.477143 3.865953 4.324603 4.918053 5.661565 6.470687 7.225845 7.794868 8.068964 8.067213 7.84863 7.484092 7.046725 6.60169 6.18189 5.818971 5.555589 5.418098
1.157611 1.701977 2.197443 2.551714 2.783006 2.916214 2.972849 2.969911 2.919978 2.835566 2.730621 2.631609 2.589597 2.553725 2.506265 2.461914 2.431691 2.389899 2.359183 2.342262 2.319036 2.351741 2.381156 2.412884 2.42491 2.446861 2.473073 2.471292 2.380811 2.268591 2.165147 2.053945 1.854407 1.416972 0.9123599 0.4507521 0.1033557 0.2022756 0.2793771 0.4932135 0.8692958 1.417606 2.084965 2.794445 3.410012 3.719916 3.950243 4.228577 4.577579 4.919657 5.25533 5.534163 5.730476 5.925537 5.940957 5.731549 5.341014 4.883216 4.543393 4.228585 3.918931 3.667585 3.578429
1.017805 1.630419 2.184898 2.548355 2.787143 2.928902 2.994668 2.999979 2.953364 2.863869 2.738643 2.60136 2.573444 2.531809 2.459455 2.386429 2.382517 2.374976 2.48368 2.594782 2.55184 2.540186 2.56201 2.59902 2.581684 2.577533 2.592466 2.598479 2.456134 2.310867 2.195782 2.103703 1.960949 1.429576 0.8770639 0.4134193 0.1033557 0.2020131 0.2623714 0.4549304 0.8090984 1.366473 2.053513 2.806167 3.492192 3.63446 3.712795 3.842694 4.014699 4.035635 4.019899 3.941747 3.817133 3.991541 4.026872 3.836926 3.444235 2.961509 2.765334 2.557348 2.297575 2.038622 2.051811
1.047738 1.637048 2.169768 2.545736 2.789656 2.93583 3.011568 3.034307 3.013113 2.956338 2.870908 2.774363 2.712565 2.642637 2.561821 2.502175 2.494742 2.525306 2.619189 2.709983 2.709085 2.692339 2.684018 2.674582 2.632977 2.58575 2.539358 2.472587 2.330374 2.169837 2.014376 1.855926 1.636379 1.212512 0.7674762 0.4174837 0.2589854 0.2233002 0.2016472 0.3625887 0.6743952 1.148717 1.727533 2.332893 2.833437 3.016715 3.077798 3.114279 3.128544 3.045624 2.909518 2.737335 2.587445 2.604299 2.580228 2.415971 2.115805 1.777683 1.582921 1.418588 1.249854 1.123399 1.134682
1.172109 1.71322 2.20671 2.557248 2.781989 2.92032 3.00438 3.052727 3.072171 3.07232 3.053447 3.007766 2.928334 2.825711 2.722652 2.651945 2.639137 2.675228 2.749658 2.815045 2.821754 2.795444 2.755156 2.698762 2.615307 2.511875 2.393781 2.259694 2.105568 1.932485 1.737937 1.52216 1.291252 0.9817519 0.701999 0.6066872 0.5121477 0.3719137 0.2013353 0.2539072 0.4765542 0.8228912 1.234441 1.643471 1.974603 2.166655 2.245494 2.248236 2.198221 2.106417 1.976467 1.824769 1.696977 1.645522 1.588622 1.46233 1.263029 1.045188 0.8822012 0.7538682 0.6570312 0.6309999 0.6831188
1.302794 1.806723 2.266785 2.559804 2.738996 2.854846 2.942786 3.020695 3.08559 3.153606 3.216742 3.237637 3.148379 3.015237 2.884007 2.792083 2.774099 2.807466 2.867861 2.916606 2.909497 2.864681 2.794774 2.699757 2.574525 2.418211 2.235355 2.043951 1.887536 1.719702 1.516968 1.285979 1.126536 0.9594564 0.975104 0.9803489 0.9106843 0.6712232 0.3860371 0.2008235 0.2939668 0.4977571 0.7386184 0.9614186 1.144562 1.345473 1.454586 1.452839 1.38192 1.334245 1.262474 1.166101 1.076174 1.019577 0.968397 0.8896171 0.7760168 0.6530227 0.5357531 0.4380813 0.3744455 0.4037712 0.5109466
1.368085 1.843063 2.284796 2.497499 2.62017 2.705709 2.79129 2.898365 3.003873 3.139606 3.288658 3.398344 3.302684 3.157482 3.011831 2.900668 2.883326 2.910821 2.959629 2.999533 2.969798 2.907196 2.818075 2.700034 2.549861 2.362471 2.139667 1.903733 1.769872 1.622965 1.472407 1.336273 1.706212 1.552411 1.469265 1.441653 1.367961 1.005842 0.6160987 0.3205341 0.2002406 0.2728186 0.3863477 0.4773742 0.5335644 0.7767282 0.917865 0.9153415 0.817736 0.8326678 0.8132532 0.759222 0.7000852 0.6607634 0.6338175 0.600484 0.5492756 0.4992689 0.4282372 0.3613583 0.3008531 0.3008608 0.3707185
